y0 = [0.5588, 0.7212, 0.5372];
