heavy = [0.8059    0.4597   -0.5400;
    0.9169    0.2579   -0.4633;
    0.9161    0.0185   -0.4776;
    0.9733   -0.2376   -0.4597;
    0.8660   -0.4767   -0.4620];

light = [1.1254    0.6266   -0.6439;
    1.2616    0.3394   -0.7236;
    1.2808    0.0187   -0.6688;
    1.2836   -0.3138   -0.6009;
    1.1460   -0.6233   -0.7202];


%% raw adc

rawheavy = [0.5604    0.4832    0.6188;
    0.5647    0.4838    0.6188;
    0.5648    0.4834    0.6188;
    0.5652    0.4833    0.6190;
    0.5638    0.4835    0.6185];

% avg .5553

light = [0.5647    0.4837    0.6204;
    0.5649    0.4838    0.6206;
    0.5646    0.4834    0.6203;
    0.5645    0.4838    0.6207;
    0.5630    0.4837    0.6206];
% avg .5562
